Best solution: [169, 161, 163, 164, 172, 179, 174, 173, 175, 177, 168, 165, 159, 162,
 158, 151, 147, 141, 144, 150, 152, 153, 157, 154, 139, 138, 142, 146,
 149, 156, 145, 140, 137, 134, 132, 130, 127, 125, 126, 114,  82, 101,
 104, 111,  99,  89,  90,  94,  98,  86,  85,  65,  20,  63,  36,  59,
  62,  16,   8,   6,   1,   4,   2,   3,   5,   9,  10,  12,  15,  19,
  30,  32,  31,  27,  37,  39,  34,  40,  43,  38,  41,  44,  35,  42,
  50,  49,  55,  54,  46,  48,  52,  53,  56,  58,  47,  51,  61,  67,
  73,  66,  68,  64,  57,  45,  29,  22,  28,  33,  18,  21,  24,  26,
  17,  14,   7,  11,  13,  23,  25,  71,  80,  87,  76,  75,  78,  72,
  74,  69,  60,  70,  77,  79,  81,  83,  84, 100, 110, 112, 115, 116,
 108, 107, 105, 106,  96,  95,  97,  92,  88,  93,  91, 103, 102, 109,
 113, 119, 122, 118, 117, 121, 120, 123, 124, 128, 133, 129, 131, 136,
 135, 143, 148, 155, 160, 166, 167, 170, 171, 185, 180, 178, 181, 184,
 188, 193, 192, 191, 189, 183, 186, 187, 190, 194, 182, 176,]
Fitness:  9884,452983197692
